2.550115107234722345e+00 -1.266250115026457612e-04 2.549591295180020367e+00 -8.432089022692727809e-02
2.524455350838199497e+00 -1.261456758440109157e-04 2.523932185497211655e+00 -8.400166715802197259e-02
2.498892852057686298e+00 -1.256669443574271903e-04 2.498370357694446486e+00 -8.368284513535365066e-02
2.473427485930925762e+00 -1.251888398689871365e-04 2.472905688016133308e+00 -8.336443927811532095e-02
2.448059122746346183e+00 -1.247113863492577677e-04 2.447538048034199054e+00 -8.304646546122865236e-02
2.422787627803328458e+00 -1.242346089868505887e-04 2.422267304414454259e+00 -8.272894036371794546e-02
2.397612861156929842e+00 -1.237585342678993881e-04 2.397093318668026551e+00 -8.241188152094852670e-02
2.372534677345860210e+00 -1.232831900620355733e-04 2.372015946886677273e+00 -8.209530738110643044e-02
2.347552925102248444e+00 -1.228086057155006725e-04 2.347035039460694250e+00 -8.177923736634259977e-02
2.322667447041745881e+00 -1.223348121521370573e-04 2.322150440777912106e+00 -8.146369193905260431e-02
2.297878079332254853e+00 -1.218618419830706854e-04 2.297361988902316909e+00 -8.114869267382446294e-02
2.273184651339409612e+00 -1.213897296260109079e-04 2.272669515230458348e+00 -8.083426233564977581e-02
2.248586985246797010e+00 -1.209185114352155313e-04 2.248072844123787828e+00 -8.052042496507370861e-02
2.224084895648595683e+00 -1.204482258432985127e-04 2.223571792514753120e+00 -8.020720597104281924e-02
2.199678189112111326e+00 -1.199789135162248731e-04 2.199166169484365607e+00 -7.989463223231765832e-02
2.175366663707379189e+00 -1.195106175230222319e-04 2.174855775808533398e+00 -7.958273220842670970e-02
2.151150108500673674e+00 -1.190433835219545969e-04 2.150640403470331474e+00 -7.927153606128588270e-02
2.127028303008370980e+00 -1.185772599651597098e-04 2.126519835134919045e+00 -7.896107578876029875e-02
2.103001016607212392e+00 -1.181122983240555054e-04 2.102493843583486122e+00 -7.865138537164138854e-02
2.079068007896466064e+00 -1.176485533381720175e-04 2.078562191102144574e+00 -7.834250093572629747e-02
2.055229024006926419e+00 -1.171860832904908500e-04 2.054724628821220200e+00 -7.803446093096330638e-02
2.031483799851045990e+00 -1.167249503128828182e-04 2.030980895999760616e+00 -7.772730632992878863e-02
2.007832057307624929e+00 -1.162652207258344731e-04 2.007330719249456941e+00 -7.742108084828550063e-02
1.984273504333641913e+00 -1.158069654173989732e-04 1.983773811691360800e+00 -7.711583119032275335e-02
1.960807833994693716e+00 -1.153502602671943372e-04 1.960309872037918177e+00 -7.681160732322546425e-02
1.937434723404198422e+00 -1.148951866223706911e-04 1.936938583591719443e+00 -7.650846278438677706e-02
1.914153832559983615e+00 -1.144418318338180244e-04 1.913659613151202032e+00 -7.620645502689939177e-02
1.890964803065097177e+00 -1.139902898625767559e-04 1.890472609812019256e+00 -7.590564580936488837e-02
1.867867256717351321e+00 -1.135406619685172742e-04 1.867377203651072071e+00 -7.560610163742394196e-02
1.844860793949478994e+00 -1.130930574960406666e-04 1.844373004278164530e+00 -7.530789426598083480e-02
1.821944992098420979e+00 -1.126475947749792347e-04 1.821459599237767790e+00 -7.501110127310053888e-02
1.799119403478138590e+00 -1.122044021593190689e-04 1.798636552240383102e+00 -7.471580671910033056e-02
1.776383553225193257e+00 -1.117636192321869507e-04 1.775903401199481646e+00 -7.442210190766612721e-02
1.753736936879836117e+00 -1.113253982132897851e-04 1.753259656045643711e+00 -7.413008627013167873e-02
1.731179017656932606e+00 -1.108899056154230269e-04 1.730704796284187053e+00 -7.383986839975921479e-02
1.708709223350304285e+00 -1.104573242109852915e-04 1.708238268256223380e+00 -7.355156727051305465e-02
1.686326942799690531e+00 -1.100278553894043639e-04 1.685859482055055425e+00 -7.326531368520632082e-02
1.664031521830466653e+00 -1.096017220148390667e-04 1.663567808040259166e+00 -7.298125201226514369e-02
1.641822258550055702e+00 -1.091791719349408731e-04 1.641362572879848658e+00 -7.269954229050339112e-02
1.619698397848578386e+00 -1.087604823533097555e-04 1.619243055036849288e+00 -7.242036281011407506e-02
1.597659124899111216e+00 -1.083459653731733076e-04 1.597208479599848241e+00 -7.214391332003555757e-02
1.575703557376523234e+00 -1.079359751700922893e-04 1.575258012338788927e+00 -7.187041907418682818e-02
1.553830735997924650e+00 -1.075309174979469838e-04 1.553390752849877376e+00 -7.160013602362440277e-02
1.532039612806102236e+00 -1.071312626533048415e-04 1.531605726644146070e+00 -7.133335760809095261e-02
1.510329036320061658e+00 -1.067375637758223366e-04 1.509901876051290115e+00 -7.107042383166940758e-02
1.488697732167279852e+00 -1.063504837822575641e-04 1.488278049897990396e+00 -7.081173367828401399e-02
1.467144276888058707e+00 -1.059708370852959804e-04 1.466732992185409534e+00 -7.055776252231428514e-02
1.445667060809743054e+00 -1.055996584330453264e-04 1.445265330694778694e+00 -7.030908714474110033e-02
1.424264232115964868e+00 -1.052383259049915494e-04 1.423873568228097408e+00 -7.006642238528452971e-02
1.402933605443485554e+00 -1.048888043409626660e-04 1.402556083555021704e+00 -6.983067508143211977e-02
1.381672494949546470e+00 -1.045541974239659171e-04 1.381311159353298290e+00 -6.960302053967054592e-02
1.360477357228774276e+00 -1.042402646116013392e-04 1.360137075150170460e+00 -6.938499434165047719e-02
1.339342817874778158e+00 -1.039610401314053768e-04 1.339032326044957921e+00 -6.917853568277614051e-02
1.318257540673591688e+00 -1.037758880035428516e-04 1.317995957076049773e+00 -6.898577544981197851e-02
1.297123313617991824e+00 -2.115109499003427771e-04 1.297027597407720556e+00 -6.880834941928061499e-02
1.276289440815028042e+00 -2.498488478666191959e-04 1.276126521434899797e+00 -6.864689861836795193e-02
1.255421674898239859e+00 -2.921196496794805416e-04 1.255290674053538780e+00 -6.850198304118447490e-02
1.234600041765479439e+00 -3.453192511705404939e-04 1.234517225452564260e+00 -6.837524076813913942e-02
1.213825993372097845e+00 -4.119280081246622831e-04 1.213803497777468321e+00 -6.826932218518544371e-02
1.193097599606433468e+00 -4.948383871091746253e-04 1.193147187400701803e+00 -6.818742602169561295e-02
1.172412072486026524e+00 -5.974329159801767533e-04 1.172546266656875114e+00 -6.813309467985009804e-02
1.151766319122532689e+00 -7.236415985645619758e-04 1.151998905083511771e+00 -6.811019460157606564e-02
1.131157157289075288e+00 -8.779953550411340917e-04 1.131503456304220556e+00 -6.812294841564534020e-02
1.110581448170966157e+00 -1.065675379300050005e-03 1.111058486496567133e+00 -6.817596891353079613e-02
1.090036209196787453e+00 -1.292556302668252917e-03 1.090662825329606012e+00 -6.827428292267760657e-02
1.069518726871130809e+00 -1.565240407119782191e-03 1.070315629798438417e+00 -6.842334314454603938e-02
1.049026676654335910e+00 -1.891079759915237227e-03 1.050016456290019162e+00 -6.862902764396781874e-02
1.028558252006680940e+00 -2.278182911109107554e-03 1.029765338141668485e+00 -6.889762651550786210e-02
1.008112302266314542e+00 -2.735402707692393028e-03 1.009562866516324098e+00 -6.923581495817848763e-02
9.876884774455483296e-01 -3.272301862958518909e-03 9.894102724101101476e-01 -6.965061188088607358e-02
9.672873767805473255e-01 -3.899093211146306779e-03 9.693095073782649340e-01 -7.014932325939267355e-02
9.469106967875474679e-01 -4.626552105494161939e-03 9.492633202750935251e-01 -7.073946974335129645e-02
9.265613736357526387e-01 -5.465899202262324702e-03 9.292753270363752760e-01 -7.142869843954677278e-02
9.062437138750079058e-01 -6.428652918030161416e-03 9.093500703418293529e-01 -7.222467934762684394e-02
8.859635070149278757e-01 -7.526452135881516424e-03 8.894930659203487133e-01 -7.313498756875282114e-02
8.657281132117004008e-01 -8.770851226537606030e-03 8.697108323324519441e-01 -7.416697311252241909e-02
8.455465194465314749e-01 -1.017309107501914410e-02 8.500109013050999307e-01 -7.532762085384042683e-02
8.254293581286765713e-01 -1.174385146806658335e-02 8.304018061158534580e-01 -7.662340389385033368e-02
8.053888830543378674e-01 -1.349299178665944177e-02 8.108930461261665279e-01 -7.806013420823469662e-02
7.854388990941983950e-01 -1.542928833201683350e-02 7.914950263335163161e-01 -7.964281497175856872e-02
7.655946438208608429e-01 -1.756017766038054512e-02 7.722189717202904147e-01 -8.137549928257452325e-02
7.458726214340571925e-01 -1.989151589089903013e-02 7.530768171810184874e-01 -8.326116013374124103e-02
7.262903916683348671e-01 -2.242736398740854953e-02 7.340810748540398389e-01 -8.530157636493483631e-02
7.068663187162663730e-01 -2.516980844407028239e-02 7.152446817058172313e-01 -8.749723896248473576e-02
6.876192873946150863e-01 -2.811882562224013449e-02 6.965808311497888594e-01 -8.984728146709221319e-02
6.685683956466369482e-01 -3.127219624271150578e-02 6.781027932630203647e-01 -9.234943742142605327e-02
6.497326338557549708e-01 -3.462547433868182201e-02 6.598237287378864169e-01 -9.500002678777140497e-02
6.311305622268356119e-01 -3.817201247112582407e-02 6.417565020312605562e-01 -9.779397214739497801e-02
6.127799976053871500e-01 -4.190304238124333697e-02 6.239134992269903535e-01 -1.007248443265544580e-01
5.946977205455763471e-01 -4.580780769775366634e-02 6.063064559059035963e-01 -1.037849359513862563e-01
5.768992122583201931e-01 -4.987374301484943928e-02 5.889462998389024539e-01 -1.069653603849303886e-01
5.593984293767174654e-01 -5.408669176661896200e-02 5.718430126190374718e-01 -1.102561726053867819e-01
5.422076224134968481e-01 -5.843115395977516169e-02 5.550055134788430822e-01 -1.136465078927238886e-01
5.253372015218179536e-01 -6.289055405063795345e-02 5.384415675602177709e-01 -1.171247337312892184e-01
5.087956508784879928e-01 -6.744751907223270337e-02 5.221577198801492514e-01 -1.206786101208101453e-01
4.925894908455478727e-01 -7.208415749082142110e-02 5.061592552291558356e-01 -1.242954535107717862e-01
4.767232851627948853e-01 -7.678233011547866416e-02 4.904501833059384253e-01 -1.279622998113427168e-01
4.611996888741557443e-01 -8.152390558922052721e-02 4.750332475763752726e-01 -1.316660623531578089e-01
4.460195315486231160e-01 -8.629099443218449239e-02 4.599099556793359578e-01 -1.353936812255447375e-01
4.311819296362516263e-01 -9.106615716284457984e-02 4.450806287039242859e-01 -1.391322610717484198e-01
4.166844214822174042e-01 -9.583258357987946285e-02 4.305444663372446357e-01 -1.428691951142538052e-01
4.025231185616002794e-01 -1.005742417516290316e-01 4.162996247218364032e-01 -1.465922738812537041e-01
3.886928668315340896e-01 -1.052759965621388738e-01 4.023433038513718474e-01 -1.502897777707762894e-01
3.751874126541954180e-01 -1.099236987571942520e-01 3.886718414496110885e-01 -1.539505531939855676e-01
3.619995684513439005e-01 -1.145042462982703152e-01 3.752808104947702450e-01 -1.575640725641478390e-01
3.491213740413813271e-01 -1.190056204645709020e-01 3.621651178421632089e-01 -1.611204788312921299e-01
3.365442504248256639e-01 -1.234168995564178806e-01 3.493191017358603379e-01 -1.646106156006512666e-01
3.242591435767578911e-01 -1.277282532712209207e-01 3.367366263613560395e-01 -1.680260441175067676e-01
3.122566565403031569e-01 -1.319309208765238606e-01 3.244111719556244666e-01 -1.713590485587962453e-01
3.005271687702066319e-01 -1.360171762264172080e-01 3.123359193420756630e-01 -1.746026311525505359e-01
2.890609422369652681e-01 -1.399802824907131760e-01 3.005038280838147058e-01 -1.777504986617427507e-01
2.778482142651241826e-01 -1.438144392211841149e-01 2.889077077408357952e-01 -1.807970417318114920e-01
2.668792774461433703e-01 -1.475147240923780079e-01 2.775402819707404878e-01 -1.837373085233258707e-01
2.561445472431849724e-01 -1.510770313482745486e-01 2.663942454262383519e-01 -1.865669739444244801e-01
2.456346181018178310e-01 -1.544980086777504591e-01 2.554623135765777819e-01 -1.892823056719324937e-01
2.353403090080127547e-01 -1.577749939446225769e-01 2.447372657162320275e-01 -1.918801280141754773e-01
2.252526995045464608e-01 -1.609059529210605244e-01 2.342119815259464111e-01 -1.943577845294853779e-01
2.153631572002683847e-01 -1.638894189221868081e-01 2.238794716226046311e-01 -1.967131001778325283e-01
2.056633577940652213e-01 -1.667244350178059831e-01 2.137329025795811632e-01 -1.989443436529734488e-01
1.961452985960363826e-01 -1.694104993053490715e-01 2.037656169226563507e-01 -2.010501904218701674e-01
1.868013064703281101e-01 -1.719475135656970410e-01 1.939711486122930040e-01 -2.030296868886675710e-01
1.776240410538692527e-01 -1.743357354888760424e-01 1.843432345149345342e-01 -2.048822160031552875e-01
1.686064940282481772e-01 -1.765757345473314976e-01 1.748758223473387274e-01 -2.066074645486045691e-01
1.597419851423457771e-01 -1.786683515078443529e-01 1.655630755517918107e-01 -2.082053922709058147e-01
1.510241556042335731e-01 -1.806146615062869665e-01 1.563993755287847731e-01 -2.096762029493999535e-01
1.424469593845511806e-01 -1.824159405594741601e-01 1.473793216194491662e-01 -2.110203174588243247e-01
1.340046529016678256e-01 -1.840736353526576941e-01 1.384977291943634836e-01 -2.122383488303732080e-01
1.256917834923864108e-01 -1.855893361172590850e-01 1.297496261695268993e-01 -2.133310792869326511e-01
1.175031770113253993e-01 -1.869647523990265181e-01 1.211302482353316251e-01 -2.142994392020138306e-01
1.094339248475952320e-01 -1.882016915099848087e-01 1.126350330509140324e-01 -2.151444879127332732e-01
1.014793705989432276e-01 -1.893020394566644060e-01 1.042596136248495342e-01 -2.158673963034063448e-01
9.363509660091579034e-02 -1.902677441407108483e-01 9.599981107403506020e-02 -2.164694310670422506e-01
8.589691047146923164e-02 -1.911008006349364241e-01 8.785162692596643064e-02 -2.169519405464410966e-01
7.826083179938106427e-02 -1.918032383472009217e-01 7.981123510549920086e-02 -2.173163420540151214e-01
7.072307907737876431e-02 -1.923771098954086822e-01 7.187497372556021780e-02 -2.175641105692403543e-01
6.328005695758784355e-02 -1.928244815287855907e-01 6.403933678207883451e-02 -2.176967687143121777e-01
5.592834388728570166e-02 -1.931474249429487866e-01 5.630096583645827213e-02 -2.177158779116225573e-01
4.866468016657537338e-02 -1.933480103487291435e-01 4.865664175412356962e-02 -2.176230306307906925e-01
4.148595645606964477e-02 -1.934283006669955396e-01 4.110327655483486664e-02 -2.174198436378033672e-01
3.438920275161164858e-02 -1.933903467336229587e-01 3.363790541940786527e-02 -2.171079521641334498e-01
2.737157783412064518e-02 -1.932361834101423981e-01 2.625767888804238920e-02 -2.166890049192956580e-01
2.043035919554665042e-02 -1.929678265063718701e-01 1.895985527748754451e-02 -2.161646598760088300e-01
1.356293343635969068e-02 -1.925872704314465222e-01 1.174179333757068185e-02 -2.155365807628300823e-01
6.766787125772106073e-03 -1.920964864990742371e-01 4.600945162085043685e-03 -2.148064342047292241e-01
3.949811277728028548e-05 -1.914974218215673152e-01 -2.465150635506729859e-03 -2.139758874575011793e-01
-6.621272726078944459e-03 -1.907919987352325875e-01 -9.458875474731585908e-03 -2.130466066871034847e-01
-1.321778931764458487e-02 -1.899821147070777649e-01 -1.638253708516218543e-02 -2.120202557499551443e-01
-1.975224781798883694e-02 -1.890696426795390739e-01 -2.323837550608453401e-02 -2.108984954348725183e-01
-2.622678364941113255e-02 -1.880564318160796722e-01 -3.002856880856292349e-02 -2.096829831316771031e-01
-3.264347816459627766e-02 -1.869443086160897660e-01 -3.675523854074671387e-02 -2.083753728955460016e-01
-3.900436495315386803e-02 -1.857350783726098853e-01 -4.342045489785605061e-02 -2.069773158799052548e-01
-4.531143580469267768e-02 -1.844305269509467493e-01 -5.002624161848637230e-02 -2.054904611140880022e-01
-5.156664634121806839e-02 -1.830324228704068856e-01 -5.657458060871204536e-02 -2.039164566050908345e-01
-5.777192132999847685e-02 -1.815425196750703740e-01 -6.306741629500635382e-02 -2.022569507455711513e-01
-6.392915968618782807e-02 -1.799625585828297514e-01 -6.950665970625248546e-02 -2.005135940127384941e-01
-7.004023917242192809e-02 -1.782942714048740829e-01 -7.589419228413563090e-02 -1.986880409450092200e-01
-7.610702080033185379e-02 -1.765393837303642077e-01 -8.223186941999861832e-02 -1.967819523852138985e-01
-8.213135293647177981e-02 -1.746996183732973940e-01 -8.852152371484088567e-02 -1.947969979807753216e-01
-8.811507511252962555e-02 -1.727766990804575631e-01 -9.476496795755529057e-02 -1.927348589326077777e-01
-9.406002153688276801e-02 -1.707723545009194599e-01 -1.009639978147547912e-01 -1.905972309855190616e-01
-9.996802430158381603e-02 -1.686883224188043540e-01 -1.071203942236498841e-01 -1.883858276536234388e-01
-1.058409162757176780e-01 -1.665263542518744533e-01 -1.132359254774190221e-01 -1.861023836746746318e-01
-1.116805336727468290e-01 -1.642882198190607490e-01 -1.193123489903779311e-01 -1.837486586873061378e-01
-1.174887182759775939e-01 -1.619757123801642273e-01 -1.253514127280301593e-01 -1.813264411248854402e-01
-1.232673193026230102e-01 -1.595906539506644906e-01 -1.313548562847698387e-01 -1.788375523190457450e-01
-1.290181948831299885e-01 -1.571349008938456304e-01 -1.373244115896574136e-01 -1.762838508049188457e-01
-1.347432131284895529e-01 -1.546103497911978097e-01 -1.432618032183002044e-01 -1.736672368186378546e-01
-1.404442527541629182e-01 -1.520189435902743191e-01 -1.491687482865010350e-01 -1.709896569757781148e-01
-1.461232032250908697e-01 -1.493626780267962306e-01 -1.550469558990050511e-01 -1.682531091170221260e-01
-1.517819643820228215e-01 -1.466436083147410196e-01 -1.608981261244464278e-01 -1.654596473044621097e-01
-1.574224455051478622e-01 -1.438638560943793498e-01 -1.667239484655016757e-01 -1.626113869485235897e-01
-1.630465637668393475e-01 -1.410256166236304454e-01 -1.725260997913931615e-01 -1.597105100415243395e-01
-1.686562420212707469e-01 -1.381311661926560574e-01 -1.783062416982899301e-01 -1.567592704692987449e-01
-1.742534058748314851e-01 -1.351828697352115971e-01 -1.840660172619544288e-01 -1.537599993671429632e-01
-1.798399799778314101e-01 -1.321831886028394243e-01 -1.898070471462363074e-01 -1.507151104805287134e-01
-1.854178834750136728e-01 -1.291346884594863076e-01 -1.955309250308766289e-01 -1.476271054845899322e-01
-1.909890245501070782e-01 -1.260400472444876963e-01 -2.012392123226440788e-01 -1.444985792093437249e-01
-1.965552939982480318e-01 -1.229020631410056991e-01 -2.069334321152449807e-01 -1.413322247099461637e-01
-2.021185577597855998e-01 -1.197236624749970779e-01 -2.126150623658634442e-01 -1.381308381130976204e-01
-2.076806483500224787e-01 -1.165079074565587292e-01 -2.182855282597782887e-01 -1.348973231620316515e-01
-2.132433551221914747e-01 -1.132580036610935093e-01 -2.239461937394141011e-01 -1.316346953734734149e-01
-2.188084133055751834e-01 -1.099773071323287277e-01 -2.295983521806194139e-01 -1.283460857106607789e-01
-2.243774917677342773e-01 -1.066693309728704436e-01 -2.352432162070686172e-01 -1.250347436671485624e-01
-2.299521794595175139e-01 -1.033377512709831164e-01 -2.408819066436608813e-01 -1.217040396469093871e-01
-2.355339705140220008e-01 -9.998641219431288196e-02 -2.465154406217521244e-01 -1.183574665174184082e-01
-2.411242479873822731e-01 -9.661933006537477830e-02 -2.521447188631876779e-01 -1.149986402043362832e-01
-2.467242662471204329e-01 -9.324069621422761966e-02 -2.577705121864455329e-01 -1.116312991893967099e-01
-2.523351320457244418e-01 -8.985487838753548895e-02 -2.633934472968611495e-01 -1.082593027676287678e-01
-2.579577843212575994e-01 -8.646642048952711546e-02 -2.690139919438269134e-01 -1.048866279165367593e-01
-2.635929728614844203e-01 -8.308004038825311799e-02 -2.746324395509842642e-01 -1.015173646288533710e-01
-2.692412358710854492e-01 -7.970062558571679168e-02 -2.802488934505677487e-01 -9.815570956253223678e-02
-2.749028767680803953e-01 -7.633322637371525721e-02 -2.858632508799199834e-01 -9.480595786731771391e-02
-2.805779402377956422e-01 -7.298304640722662329e-02 -2.914751869263610962e-01 -9.147249305709784228e-02
-2.862661878458535036e-01 -6.965543038043831015e-02 -2.970841386355282387e-01 -8.815977481191371312e-02
-2.919670739957068162e-01 -6.635584825580485846e-02 -3.026892895272582651e-01 -8.487232461341559508e-02
-2.976797213631053873e-01 -6.308987627446817348e-02 -3.082895547912470335e-01 -8.161470914322013770e-02
-3.034028984955299824e-01 -5.986317585343957359e-02 -3.138835674610476190e-01 -7.839152140532010260e-02
-3.091349969139617349e-01 -5.668146518330768879e-02 -3.194696658883039442e-01 -7.520735957157381746e-02
-3.148740110211427634e-01 -5.355048721140309720e-02 -3.250458828581939685e-01 -7.206680359334523278e-02
-3.206175236544863139e-01 -5.047599356992853170e-02 -3.306099367004841638e-01 -6.897438967223215589e-02
-3.263626712943533681e-01 -4.746366621245842743e-02 -3.361592247569485936e-01 -6.593458273795939351e-02
-3.321061849433850632e-01 -4.451915784645640861e-02 -3.416908195638073686e-01 -6.295174714100175428e-02
-3.378442899940700128e-01 -4.164788778737048280e-02 -3.472014680958989685e-01 -6.003011583008423940e-02
-3.435728577850042931e-01 -3.885526874810450726e-02 -3.526875943964049021e-01 -5.717375834878585250e-02
-3.492871358373548785e-01 -3.614641436349805975e-02 -3.581453058811515100e-01 -5.438654804910458829e-02
-3.549822198990258415e-01 -3.352591460332246531e-02 -3.635704035592445260e-01 -5.167212898076579963e-02
-3.606521147737174471e-01 -3.099857332213308905e-02 -3.689583963519242893e-01 -4.903388297078373204e-02
-3.662914577727788834e-01 -2.856856010724173264e-02 -3.743045196194391688e-01 -4.647489745565715202e-02
-3.718945780993395678e-01 -2.623947821239135808e-02 -3.796037579223660585e-01 -4.399793466587277602e-02
-3.774535566472482784e-01 -2.401368073882014301e-02 -3.848508719507858222e-01 -4.160540278649479951e-02
-3.829609260859908049e-01 -2.189716767067612091e-02 -3.900404294541963135e-01 -3.929932972611277497e-02
-3.884108649833386551e-01 -1.988536310014207484e-02 -3.951668398999208520e-01 -3.708134011732621554e-02
-3.937942776228765540e-01 -1.798856458888531407e-02 -4.002243924813055354e-01 -3.495263614377496636e-02
-3.991109368343380148e-01 -1.620609330012089122e-02 -4.052072969930457513e-01 -3.291398274074087971e-02
-4.043449266540320441e-01 -1.453313410360453084e-02 -4.101097269934753653e-01 -3.096569764856980586e-02
-4.094919761834950322e-01 -1.295911500758751937e-02 -4.149258645867960338e-01 -2.910764671155261635e-02
-4.145307055027367404e-01 -1.150439548789066943e-02 -4.196499460858580388e-01 -2.733924471129955611e-02
-4.194985177252342767e-01 -1.017648017396927118e-02 -4.242763077619078338e-01 -2.565946190581841480e-02
-4.243034553648926122e-01 -8.951775779307693387e-03 -4.287994308546105304e-01 -2.406683631702925125e-02
-4.290563560219331496e-01 -7.831990676741595533e-03 -4.332139850058879804e-01 -2.255949167456990090e-02
-4.336359462366424222e-01 -6.744549561186512915e-03 -4.375148692959092700e-01 -2.113516078719028524e-02
-4.380660502169916870e-01 -5.824511294123531184e-03 -4.416972500990996031e-01 -1.979121397976622496e-02
-4.424772455479300537e-01 -5.054717858415089249e-03 -4.457565950414345557e-01 -1.852469210894268706e-02
-4.466332252248219059e-01 -4.196104058348708657e-03 -4.496887024254763721e-01 -1.733234355829281828e-02
-4.507496227367474018e-01 -3.565507238418603314e-03 -4.534897255936927163e-01 -1.621066451879177653e-02
-4.546647734241465177e-01 -3.048051265501065116e-03 -4.571561918196510588e-01 -1.515594178569535863e-02
-4.582114092235184399e-01 -2.461451319900741230e-03 -4.606850154464015579e-01 -1.416429725102187967e-02
-4.619845119662143174e-01 -1.967047831872599864e-03 -4.640735051267657618e-01 -1.323173324311661958e-02
-4.652113204528287027e-01 -1.749348803293092379e-03 -4.673193651566152074e-01 -1.235417786152508135e-02
-4.684917903004175987e-01 -1.260040862652585247e-03 -4.704206910245937179e-01 -1.152752947580838218e-02
-4.718084063707743692e-01 -9.688209375291617371e-04 -4.733759594259192016e-01 -1.074769959924402538e-02
-4.745803441833687519e-01 -7.219427252498247620e-04 -4.761840130999768217e-01 -1.001065340995602529e-02
-4.773166551766181431e-01 -7.708944794997971226e-04 -4.788440409484933658e-01 -9.312447269670936362e-03
-4.799099686192598857e-01 -5.489275619056199589e-04 -4.813555539709558628e-01 -8.649262680321592039e-03
-4.824930886704661970e-01 -5.400388145580602801e-04 -4.837183576153227804e-01 -8.017436217232111820e-03
-4.847393534954561600e-01 -4.115496050240892456e-04 -4.859325211847004278e-01 -7.413485080747174612e-03
-4.870410413061876942e-01 -1.653465149099261379e-04 -4.879983449648312988e-01 -6.834128012235864309e-03
-4.889148902432706167e-01 -7.695290943015854453e-05 -4.899163257441861985e-01 -6.276301422105354764e-03
-4.907874697237800676e-01 -5.742197810801778166e-05 -4.916871213898728055e-01 -5.737170673985408920e-03
-4.924638873697002039e-01 -5.018760625164845062e-05 -4.933115151205376137e-01 -5.214136558347003472e-03
-4.938925874768722579e-01 -3.461994815512316263e-05 -4.947903800843852506e-01 -4.704837068865946707e-03
-4.952850373421358032e-01 -1.266261302770563820e-05 -4.961246448088029726e-01 -4.207144664811568111e-03
-4.965165796641917706e-01 -1.042577124348572105e-05 -4.973152600403195622e-01 -3.719159262174656210e-03
-4.975757361382104893e-01 -6.485607917959627369e-06 -4.983631674420379021e-01 -3.239197245182165452e-03
-4.984927351373473203e-01 -4.698381668295735390e-06 -4.992692705624057203e-01 -2.765776828670683026e-03
-4.992637184542684792e-01 -3.925110049575137322e-06 -5.000344084364229946e-01 -2.297600131173922321e-03
-4.998982781738514070e-01 -2.785329773569570515e-06 -5.006593321314023459e-01 -1.833532340419788409e-03
-5.003886062225750830e-01 -2.107531882693910113e-06 -5.011446845063171063e-01 -1.372578376338318314e-03
-5.007386751457932883e-01 -1.377275152561179231e-06 -5.014909833900144109e-01 -9.138574941060034155e-04
-5.009482615557402374e-01 -6.878303951081191392e-07 -5.016986082671970326e-01 -4.565762344457204741e-04
-5.010180745756519505e-01 -3.664307151171085699e-18 -5.017677906308877223e-01 -2.432506022862224107e-15
-5.009482615557416807e-01 6.878303951007839398e-07 -5.016986082671983649e-01 4.565762344408514305e-04
-5.007386751457962859e-01 1.377275152553806868e-06 -5.014909833900172975e-01 9.138574941011229878e-04
-5.003886062225798570e-01 2.107531882669026403e-06 -5.011446845063215472e-01 1.372578376333419455e-03
-4.998982781738575132e-01 2.785329773561033693e-06 -5.006593321314083411e-01 1.833532340414861361e-03
-4.992637184542770279e-01 3.925110049254445566e-06 -5.000344084364306552e-01 2.297600131168957109e-03
-4.984927351373577009e-01 4.698381668481816670e-06 -4.992692705624147131e-01 2.765776828665667941e-03
-4.975757361382244226e-01 6.485607918797688543e-06 -4.983631674420485047e-01 3.239197245177089651e-03
-4.965165796642131424e-01 1.042577124750766557e-05 -4.973152600403317747e-01 3.719159262169506250e-03
-4.952850373421625041e-01 1.266261302517979442e-05 -4.961246448088165173e-01 4.207144664806320572e-03
-4.938925874769261037e-01 3.461994811488318196e-05 -4.947903800844002942e-01 4.704837068860585544e-03
-4.924638873697743668e-01 5.018760631121397587e-05 -4.933115151205542670e-01 5.214136558341502664e-03
-4.907874697238797101e-01 5.742197815044770164e-05 -4.916871213898909021e-01 5.737170673979756323e-03
-4.889148902434098942e-01 7.695290941429890291e-05 -4.899163257442060160e-01 6.276301422099514818e-03
-4.870410413063601118e-01 1.653465151191849634e-04 -4.879983449648525595e-01 6.834128012229811859e-03
-4.847393534949721028e-01 4.115496046739518460e-04 -4.859325211847231873e-01 7.413485080740871494e-03
-4.824930886697599841e-01 5.400388144415639493e-04 -4.837183576153472053e-01 8.017436217225533748e-03
-4.799099686191671266e-01 5.489275612400584944e-04 -4.813555539709818976e-01 8.649262680314703453e-03
-4.773166551761164333e-01 7.708944788438517725e-04 -4.788440409485210658e-01 9.312447269663697361e-03
-4.745803441840013570e-01 7.219427249240361038e-04 -4.761840131000056320e-01 1.001065340994836475e-02
-4.718084063714075294e-01 9.688209380348020800e-04 -4.733759594259500103e-01 1.074769959923595544e-02
-4.684917903010286100e-01 1.260040862008033995e-03 -4.704206910246258588e-01 1.152752947579981785e-02
-4.652113204523845580e-01 1.749348802420556395e-03 -4.673193651566486806e-01 1.235417786151598966e-02
-4.619845119669438449e-01 1.967047832455435293e-03 -4.640735051268011224e-01 1.323173324310698146e-02
-4.582114092239208403e-01 2.461451319062763540e-03 -4.606850154464381397e-01 1.416429725101161705e-02
-4.546647734239166461e-01 3.048051266338397923e-03 -4.571561918196894170e-01 1.515594178568446457e-02
-4.507496227371435848e-01 3.565507239131330500e-03 -4.534897255937325178e-01 1.621066451878018858e-02
-4.466332252255821311e-01 4.196104058396957388e-03 -4.496887024255178389e-01 1.733234355828051562e-02
-4.424772455475187161e-01 5.054717858867634368e-03 -4.457565950414772438e-01 1.852469210892960030e-02
-4.380660502173510662e-01 5.824511293659378162e-03 -4.416972500991435679e-01 1.979121397975232288e-02
-4.336359462371547346e-01 6.744549561162912869e-03 -4.375148692959545671e-01 2.113516078717554009e-02
-4.290563560216674177e-01 7.831990676951760752e-03 -4.332139850059345543e-01 2.255949167455430920e-02
-4.243034553647492824e-01 8.951775779052893733e-03 -4.287994308546582145e-01 2.406683631701273668e-02
-4.194985177252280040e-01 1.017648017419336276e-02 -4.242763077619565171e-01 2.565946190580095654e-02
-4.145307055029543442e-01 1.150439548778198727e-02 -4.196499460859076103e-01 2.733924471128116457e-02
-4.094919761836633976e-01 1.295911500765855283e-02 -4.149258645868466600e-01 2.910764671153326724e-02
-4.043449266539929088e-01 1.453313410363697190e-02 -4.101097269935271572e-01 3.096569764854950960e-02
-3.991109368343201402e-01 1.620609330012637295e-02 -4.052072969930985979e-01 3.291398274071966751e-02
-3.937942776229372832e-01 1.798856458881009993e-02 -4.002243924813592701e-01 3.495263614375279659e-02
-3.884108649834318583e-01 1.988536310010458746e-02 -3.951668398999750309e-01 3.708134011730301882e-02
-3.829609260860226128e-01 2.189716767064857697e-02 -3.900404294542513806e-01 3.929932972608867620e-02
-3.774535566473187775e-01 2.401368073881140000e-02 -3.848508719508412224e-01 4.160540278646967377e-02
-3.718945780993926919e-01 2.623947821237732764e-02 -3.796037579224221803e-01 4.399793466584682455e-02
-3.662914577728361709e-01 2.856856010720890474e-02 -3.743045196194960123e-01 4.647489745563029157e-02
-3.606521147737788979e-01 3.099857332210171137e-02 -3.689583963519814658e-01 4.903388297075601115e-02
-3.549822198990875144e-01 3.352591460329792244e-02 -3.635704035593020356e-01 5.167212898073724608e-02
-3.492871358374136093e-01 3.614641436347000580e-02 -3.581453058812093526e-01 5.438654804907522289e-02
-3.435728577850654664e-01 3.885526874807635617e-02 -3.526875943964634108e-01 5.717375834875581403e-02
-3.378442899941317967e-01 4.164788778734026392e-02 -3.472014680959577548e-01 6.003011583005347929e-02
-3.321061849434458479e-01 4.451915784642565543e-02 -3.416908195638662105e-01 6.295174714097025170e-02
-3.263626712944148189e-01 4.746366621242660566e-02 -3.361592247570076575e-01 6.593458273792725255e-02
-3.206175236545474316e-01 5.047599356989623115e-02 -3.306099367005433387e-01 6.897438967219944594e-02
-3.148740110212041587e-01 5.355048721137003337e-02 -3.250458828582535320e-01 7.206680359331205099e-02
-3.091349969140226861e-01 5.668146518327403516e-02 -3.194696658883634521e-01 7.520735957154014995e-02
-3.034028984955909891e-01 5.986317585340535097e-02 -3.138835674611073490e-01 7.839152140528594936e-02
-2.976797213631661720e-01 6.308987627443352064e-02 -3.082895547913067080e-01 8.161470914318559589e-02
-2.919670739957677674e-01 6.635584825576981705e-02 -3.026892895273179951e-01 8.487232461338067857e-02
-2.862661878459142328e-01 6.965543038040296342e-02 -2.970841386355880243e-01 8.815977481187853293e-02
-2.805779402378561493e-01 7.298304640719108227e-02 -2.914751869264207707e-01 9.147249305706235678e-02
-2.749028767681409025e-01 7.633322637367943864e-02 -2.858632508799797689e-01 9.480595786728202023e-02
-2.692412358711456788e-01 7.970062558568077882e-02 -2.802488934506276452e-01 9.815570956249659862e-02
-2.635929728615445389e-01 8.308004038821703574e-02 -2.746324395510440497e-01 1.015173646288173998e-01
-2.579577843213176069e-01 8.646642048949101933e-02 -2.690139919438868654e-01 1.048866279165009269e-01
-2.523351320457842273e-01 8.985487838749926792e-02 -2.633934472969211016e-01 1.082593027675928660e-01
-2.467242662471802184e-01 9.324069621419160681e-02 -2.577705121865054294e-01 1.116312991893608220e-01
-2.411242479874418643e-01 9.661933006533869606e-02 -2.521447188632477410e-01 1.149986402043003952e-01
-2.355339705140815365e-01 9.998641219427710503e-02 -2.465154406218122152e-01 1.183574665173826868e-01
-2.299521794595769664e-01 1.033377512709474644e-01 -2.408819066437208056e-01 1.217040396468737073e-01
-2.243774917677935909e-01 1.066693309728350275e-01 -2.352432162071287358e-01 1.250347436671131185e-01
-2.188084133056344971e-01 1.099773071322936030e-01 -2.295983521806794769e-01 1.283460857106255570e-01
-2.132433551222508161e-01 1.132580036610586344e-01 -2.239461937394745250e-01 1.316346953734385539e-01
-2.076806483500817646e-01 1.165079074565242845e-01 -2.182855282598386570e-01 1.348973231619970681e-01
-2.021185577598448857e-01 1.197236624749629663e-01 -2.126150623659239791e-01 1.381308381130633423e-01
-1.965552939983073732e-01 1.229020631409719760e-01 -2.069334321153055711e-01 1.413322247099122186e-01
-1.909890245501664197e-01 1.260400472444543896e-01 -2.012392123227047525e-01 1.444985792093102794e-01
-1.854178834750730420e-01 1.291346884594535838e-01 -1.955309250309373581e-01 1.476271054845568476e-01
-1.798399799778910013e-01 1.321831886028073666e-01 -1.898070471462974251e-01 1.507151104804960173e-01
-1.742534058748911319e-01 1.351828697351799280e-01 -1.840660172620157131e-01 1.537599993671106835e-01
-1.686562420213305047e-01 1.381311661926249434e-01 -1.783062416983514087e-01 1.567592704692669647e-01
-1.630465637668991885e-01 1.410256166235999420e-01 -1.725260997914548622e-01 1.597105100414931977e-01
-1.574224455052078697e-01 1.438638560943495959e-01 -1.667239484655636261e-01 1.626113869484929753e-01
-1.517819643820830788e-01 1.466436083147117098e-01 -1.608981261245087113e-01 1.654596473044319949e-01
-1.461232032251512103e-01 1.493626780267675314e-01 -1.550469558990675845e-01 1.682531091169927051e-01
-1.404442527542235364e-01 1.520189435902462860e-01 -1.491687482865638459e-01 1.709896569757492768e-01
-1.347432131285504764e-01 1.546103497911706648e-01 -1.432618032183633483e-01 1.736672368186096549e-01
-1.290181948831911340e-01 1.571349008938191516e-01 -1.373244115897208628e-01 1.762838508048912012e-01
-1.232673193026844888e-01 1.595906539506386779e-01 -1.313548562848335932e-01 1.788375523190188499e-01
-1.174887182760393362e-01 1.619757123801393306e-01 -1.253514127280943025e-01 1.813264411248592112e-01
-1.116805336728089876e-01 1.642882198190364906e-01 -1.193123489904424767e-01 1.837486586872806305e-01
-1.058409162757800309e-01 1.665263542518510553e-01 -1.132359254774840118e-01 1.861023836746499016e-01
-9.996802430164664077e-02 1.686883224187816499e-01 -1.071203942237153733e-01 1.883858276535994858e-01
-9.406002153694588419e-02 1.707723545008976440e-01 -1.009639978148205580e-01 1.905972309854959412e-01
-8.811507511259319969e-02 1.727766990804365799e-01 -9.476496795762165415e-02 1.927348589325852957e-01
-8.213135293653575641e-02 1.746996183732773544e-01 -8.852152371490763783e-02 1.947969979807537000e-01
-7.610702080039635775e-02 1.765393837303450841e-01 -8.223186942006588396e-02 1.967819523851931374e-01
-7.004023917248691777e-02 1.782942714048558752e-01 -7.589419228420336838e-02 1.986880409449892637e-01
-6.392915968625319245e-02 1.799625585828124041e-01 -6.950665970632084745e-02 2.005135940127194538e-01
-5.777192133006444491e-02 1.815425196750539982e-01 -6.306741629507532643e-02 2.022569507455529714e-01
-5.156664634128438340e-02 1.830324228703914813e-01 -5.657458060878152450e-02 2.039164566050735983e-01
-4.531143580475955474e-02 1.844305269509324274e-01 -5.002624161855642043e-02 2.054904611140716819e-01
-3.900436495322139735e-02 1.857350783725966181e-01 -4.342045489792673019e-02 2.069773158798898782e-01
-3.264347816466434821e-02 1.869443086160773593e-01 -3.675523854081807346e-02 2.083753728955315410e-01
-2.622678364947989352e-02 1.880564318160682369e-01 -3.002856880863497696e-02 2.096829831316634751e-01
-1.975224781805812180e-02 1.890696426795287766e-01 -2.323837550615721198e-02 2.108984954348601670e-01
-1.321778931771452545e-02 1.899821147070686611e-01 -1.638253708523560587e-02 2.120202557499437368e-01
-6.621272726149604951e-03 1.907919987352245661e-01 -9.458875474805760949e-03 2.130466066870929931e-01
3.949811270582143509e-05 1.914974218215602375e-01 -2.465150635581717185e-03 2.139758874574916592e-01
6.766787125700071681e-03 1.920964864990684362e-01 4.600945162009394129e-03 2.148064342047207309e-01
1.356293343628691382e-02 1.925872704314418593e-01 1.174179333749417360e-02 2.155365807628227826e-01
2.043035919547295937e-02 1.929678265063682896e-01 1.895985527741002666e-02 2.161646598760027516e-01
2.737157783404623596e-02 1.932361834101400666e-01 2.625767888796416705e-02 2.166890049192904955e-01
3.438920275153645179e-02 1.933903467336219040e-01 3.363790541932872025e-02 2.171079521641294252e-01
4.148595645599372633e-02 1.934283006669957616e-01 4.110327655475490283e-02 2.174198436378006749e-01
4.866468016649830308e-02 1.933480103487306423e-01 4.865664175404235681e-02 2.176230306307891105e-01
5.592834388720791666e-02 1.931474249429515344e-01 5.630096583637637236e-02 2.177158779116220855e-01
6.328005695750900383e-02 1.928244815287896985e-01 6.403933678199598412e-02 2.176967687143130381e-01
7.072307907729899479e-02 1.923771098954140668e-01 7.187497372547625718e-02 2.175641105692424082e-01
7.826083179930019840e-02 1.918032383472077218e-01 7.981123510541394961e-02 2.173163420540184798e-01
8.589691047138743596e-02 1.911008006349446675e-01 8.785162692588029121e-02 2.169519405464456763e-01
9.363509660083293995e-02 1.902677441407203962e-01 9.599981107394760238e-02 2.164694310670479405e-01
1.014793705988589478e-01 1.893020394566754527e-01 1.042596136247607164e-01 2.158673963034134224e-01
1.094339248475098836e-01 1.882016915099972987e-01 1.126350330508241043e-01 2.151444879127415444e-01
1.175031770112388574e-01 1.869647523990403681e-01 1.211302482352404203e-01 2.142994392020234895e-01
1.256917834922985644e-01 1.855893361172744893e-01 1.297496261694345565e-01 2.133310792869435035e-01
1.340046529015784527e-01 1.840736353526745694e-01 1.384977291942694200e-01 2.122383488303855037e-01
1.424469593844605864e-01 1.824159405594926731e-01 1.473793216193540201e-01 2.110203174588380637e-01
1.510241556041415634e-01 1.806146615063067284e-01 1.563993755286879339e-01 2.096762029494150525e-01
1.597419851422522408e-01 1.786683515078658913e-01 1.655630755516934727e-01 2.082053922709220517e-01
1.686064940281529201e-01 1.765757345473546736e-01 1.748758223472386131e-01 2.066074645486223882e-01
1.776240410537722747e-01 1.743357354889006616e-01 1.843432345148328100e-01 2.048822160031743833e-01
1.868013064702293835e-01 1.719475135657232423e-01 1.939711486121896700e-01 2.030296868886881101e-01
1.961452985959356021e-01 1.694104993053768826e-01 2.037656169225511016e-01 2.010501904218917890e-01
2.056633577939628865e-01 1.667244350178354595e-01 2.137329025794741655e-01 1.989443436529964304e-01
2.153631572001640793e-01 1.638894189222179498e-01 2.238794716224956072e-01 1.967131001778567867e-01
2.252526995044401570e-01 1.609059529210931649e-01 2.342119815258353333e-01 1.943577845295110518e-01
2.353403090079040361e-01 1.577749939446567440e-01 2.447372657161187293e-01 1.918801280142026500e-01
2.456346181017069474e-01 1.544980086777860140e-01 2.554623135764624853e-01 1.892823056719606378e-01
2.561445472430719517e-01 1.510770313483119631e-01 2.663942454261208348e-01 1.865669739444542063e-01
2.668792774460275186e-01 1.475147240924166714e-01 2.775402819706204172e-01 1.837373085233566794e-01
2.778482142650061659e-01 1.438144392212242217e-01 2.889077077407135596e-01 1.807970417318434664e-01
2.890609422368444759e-01 1.399802824907546150e-01 3.005038280836898057e-01 1.777504986617757798e-01
3.005271687700830086e-01 1.360171762264599793e-01 3.123359193419483204e-01 1.746026311525846197e-01
3.122566565401768135e-01 1.319309208765681862e-01 3.244111719554943485e-01 1.713590485588313561e-01
3.242591435766284946e-01 1.277282532712661900e-01 3.367366263612235899e-01 1.680260441175429054e-01
3.365442504246930477e-01 1.234168995564642463e-01 3.493191017357247796e-01 1.646106156006879595e-01
3.491213740412457134e-01 1.190056204646183780e-01 3.621651178420249306e-01 1.611204788313297664e-01
3.619995684512046230e-01 1.145042462983186377e-01 3.752808104946286916e-01 1.575640725641859752e-01
3.751874126540532539e-01 1.099236987572432683e-01 3.886718414494670371e-01 1.539505531940242589e-01
3.886928668313884283e-01 1.052759965621884730e-01 4.023433038512248539e-01 1.502897777708153970e-01
4.025231185614511764e-01 1.005742417516796716e-01 4.162996247216856904e-01 1.465922738812932558e-01
4.166844214820649150e-01 9.583258357993029719e-02 4.305444663370912584e-01 1.428691951142935235e-01
4.311819296360952514e-01 9.106615716289528928e-02 4.450806287037678555e-01 1.391322610717882213e-01
4.460195315484631329e-01 8.629099443223525734e-02 4.599099556791764742e-01 1.353936812255844835e-01
4.611996888739921530e-01 8.152390558927127828e-02 4.750332475762126250e-01 1.316660623531975549e-01
4.767232851626275747e-01 7.678233011552886011e-02 4.904501833057728910e-01 1.279622998113820742e-01
4.925894908453766208e-01 7.208415749087115909e-02 5.061592552289867486e-01 1.242954535108106301e-01
5.087956508783134657e-01 6.744751907228163645e-02 5.221577198799773889e-01 1.206786101208483647e-01
5.253372015216399848e-01 6.289055405068610938e-02 5.384415675600423556e-01 1.171247337313266468e-01
5.422076224133153266e-01 5.843115395982205473e-02 5.550055134786651134e-01 1.136465078927604844e-01
5.593984293765325022e-01 5.408669176666455053e-02 5.718430126188565055e-01 1.102561726054222813e-01
5.768992122581320103e-01 4.987374301489364697e-02 5.889462998387189341e-01 1.069653603849649998e-01
5.946977205453851667e-01 4.580780769779604911e-02 6.063064559057171898e-01 1.037849359514193132e-01
6.127799976051928610e-01 4.190304238128402664e-02 6.239134992268012825e-01 1.007248443265863075e-01
6.311305622266388804e-01 3.817201247116463331e-02 6.417565020310690427e-01 9.779397214742542588e-02
6.497326338555543535e-01 3.462547433871861896e-02 6.598237287376919058e-01 9.500002678780039567e-02
6.685683956464348876e-01 3.127219624274615861e-02 6.781027932628247434e-01 9.234943742145357293e-02
6.876192873944113604e-01 2.811882562227267443e-02 6.965808311495913507e-01 8.984728146711817853e-02
7.068663187160603156e-01 2.516980844410061924e-02 7.152446817056178352e-01 8.749723896250904964e-02
7.262903916681264782e-01 2.242736398743673878e-02 7.340810748538380004e-01 8.530157636495752649e-02
7.458726214338476934e-01 1.989151589092492609e-02 7.530768171808148725e-01 8.326116013376201608e-02
7.655946438206500115e-01 1.756017766040427960e-02 7.722189717200855785e-01 8.137549928259371623e-02
7.854388990939856763e-01 1.542928833203850714e-02 7.914950263333102587e-01 7.964281497177631841e-02
8.053888830541242605e-01 1.349299178667905802e-02 8.108930461259583611e-01 7.806013420825071158e-02
8.254293581284630754e-01 1.174385146808424978e-02 8.304018061156461794e-01 7.662340389386507189e-02
8.455465194463172018e-01 1.017309107503496131e-02 8.500109013048899875e-01 7.532762085385340256e-02
8.657281132114849065e-01 8.770851226551719740e-03 8.697108323322408907e-01 7.416697311253403480e-02
8.859635070147117153e-01 7.526452135893962198e-03 8.894930659201375489e-01 7.313498756876313234e-02
9.062437138747915233e-01 6.428652918041112725e-03 9.093500703416174114e-01 7.222467934763592001e-02
9.265613736355352570e-01 5.465899202271906447e-03 9.292753270361626683e-01 7.142869843955471088e-02
9.469106967873299752e-01 4.626552105502480805e-03 9.492633202748804733e-01 7.073946974335812432e-02
9.672873767803303879e-01 3.899093211153503279e-03 9.693095073780506610e-01 7.014932325939846058e-02
9.876884774453311699e-01 3.272301862964692790e-03 9.894102724098960966e-01 6.965061188089091693e-02
1.008112302266096494e+00 2.735402707697683500e-03 1.009562866516108492e+00 6.923581495818245668e-02
1.028558252006462892e+00 2.278182911113588779e-03 1.029765338141452879e+00 6.889762651551106787e-02
1.049026676654117640e+00 1.891079759919021526e-03 1.050016456289802891e+00 6.862902764397026123e-02
1.069518726870912317e+00 1.565240407122957603e-03 1.070315629798221480e+00 6.842334314454787125e-02
1.090036209196568961e+00 1.292556302670910080e-03 1.090662825329388852e+00 6.827428292267898047e-02
1.110581448170747443e+00 1.065675379302248333e-03 1.111058486496349751e+00 6.817596891353164268e-02
1.131157157288856130e+00 8.779953550429472030e-04 1.131503456304002064e+00 6.812294841564567327e-02
1.151766319122311755e+00 7.236415985660491759e-04 1.151998905083292390e+00 6.811019460157596850e-02
1.172412072485806478e+00 5.974329159813875903e-04 1.172546266656656178e+00 6.813309467984965395e-02
1.193097599606212089e+00 4.948383871101549609e-04 1.193147187400481535e+00 6.818742602169480804e-02
1.213825993371876688e+00 4.119280081254528291e-04 1.213803497777248275e+00 6.826932218518445838e-02
1.234600041765258505e+00 3.453192511711757279e-04 1.234517225452343103e+00 6.837524076813800145e-02
1.255421674898018702e+00 2.921196496799854003e-04 1.255290674053317845e+00 6.850198304118308712e-02
1.276289440814805332e+00 2.498488478670193749e-04 1.276126521434677308e+00 6.864689861836631435e-02
1.297123313617778884e+00 2.115109499023572789e-04 1.297027597407498289e+00 6.880834941927892190e-02
1.318257540673366313e+00 1.037758880035420656e-04 1.317995957075825286e+00 6.898577544980998011e-02
1.339342817874554115e+00 1.039610401314028018e-04 1.339032326044733212e+00 6.917853568277393395e-02
1.360477357228548456e+00 1.042402646115981680e-04 1.360137075149944197e+00 6.938499434164815960e-02
1.381672494949320873e+00 1.045541974239624206e-04 1.381311159353073581e+00 6.960302053966818669e-02
1.402933605443259513e+00 1.048888043409590203e-04 1.402556083554794775e+00 6.983067508142956625e-02
1.424264232115736162e+00 1.052383259049877547e-04 1.423873568227870701e+00 7.006642238528218436e-02
1.445667060809515236e+00 1.055996584330415452e-04 1.445265330694550210e+00 7.030908714473850518e-02
1.467144276887829113e+00 1.059708370852920230e-04 1.466732992185179940e+00 7.055776252231162060e-02
1.488697732167049148e+00 1.063504837822534034e-04 1.488278049897761246e+00 7.081173367828146048e-02
1.510329036319830287e+00 1.067375637758181218e-04 1.509901876051057634e+00 7.107042383166649324e-02
1.532039612805871531e+00 1.071312626533007487e-04 1.531605726643914922e+00 7.133335760808812154e-02
1.553830735997692392e+00 1.075309174979426606e-04 1.553390752849644452e+00 7.160013602362144680e-02
1.575703557376290087e+00 1.079359751700879796e-04 1.575258012338556224e+00 7.187041907418402487e-02
1.597659124898878069e+00 1.083459653731691063e-04 1.597208479599614650e+00 7.214391332003268487e-02
1.619698397848342131e+00 1.087604823533053374e-04 1.619243055036613255e+00 7.242036281011113297e-02
1.641822258549820557e+00 1.091791719349365092e-04 1.641362572879611736e+00 7.269954229050035188e-02
1.664031521830230398e+00 1.096017220148346214e-04 1.663567808040022689e+00 7.298125201226220160e-02
1.686326942799453166e+00 1.100278553893997967e-04 1.685859482054816283e+00 7.326531368520311505e-02
1.708709223350066253e+00 1.104573242109808056e-04 1.708238268255982906e+00 7.355156727050984888e-02
1.731179017656693242e+00 1.108899056154184326e-04 1.730704796283948355e+00 7.383986839975625882e-02
1.753736936879594088e+00 1.113253982132850011e-04 1.753259656045402570e+00 7.413008627012862561e-02
1.776383553224951228e+00 1.117636192321823428e-04 1.775903401199240061e+00 7.442210190766304634e-02
1.799119403477894563e+00 1.122044021593142848e-04 1.798636552240138409e+00 7.471580671909713867e-02
1.821944992098176952e+00 1.126475947749744642e-04 1.821459599237524651e+00 7.501110127309744413e-02
1.844860793949234523e+00 1.130930574960358555e-04 1.844373004277920503e+00 7.530789426597767067e-02
1.867867256717105739e+00 1.135406619685124495e-04 1.867377203650826045e+00 7.560610163742075007e-02
1.890964803064851374e+00 1.139902898625719312e-04 1.890472609811773008e+00 7.590564580936171035e-02
1.914153832559735813e+00 1.144418318338131862e-04 1.913659613150954009e+00 7.620645502689614437e-02
1.937434723403949732e+00 1.148951866223659070e-04 1.936938583591469420e+00 7.650846278438348802e-02
1.960807833994444804e+00 1.153502602671895938e-04 1.960309872037667933e+00 7.681160732322213358e-02
1.984273504333390559e+00 1.158069654173940672e-04 1.983773811691110556e+00 7.711583119031949207e-02
2.007832057307373130e+00 1.162652207258295264e-04 2.007330719249204698e+00 7.742108084828222547e-02
2.031483799850795968e+00 1.167249503128780342e-04 2.030980895999508817e+00 7.772730632992549960e-02
2.055229024006673288e+00 1.171860832904859982e-04 2.054724628820968402e+00 7.803446093096018388e-02
2.079068007896210712e+00 1.176485533381670708e-04 2.078562191101889223e+00 7.834250093572300844e-02
2.103001016606956597e+00 1.181122983240506130e-04 2.102493843583228994e+00 7.865138537163794685e-02
2.127028303008114296e+00 1.185772599651548038e-04 2.126519835134663694e+00 7.896107578875710686e-02
2.151150108500416991e+00 1.190433835219497450e-04 2.150640403470073903e+00 7.927153606128255203e-02
2.175366663707120729e+00 1.195106175230173259e-04 2.174855775808274050e+00 7.958273220842339291e-02
2.199678189111852422e+00 1.199789135162199265e-04 2.199166169484106703e+00 7.989463223231436928e-02
2.224084895648335447e+00 1.204482258432934034e-04 2.223571792514493328e+00 8.020720597103947469e-02
2.248586985246534997e+00 1.209185114352103949e-04 2.248072844123526703e+00 8.052042496507030855e-02
2.273184651339145823e+00 1.213897296260058663e-04 2.272669515230196779e+00 8.083426233564645902e-02
2.297878079331989731e+00 1.218618419830655626e-04 2.297361988902053564e+00 8.114869267382113227e-02
2.322667447041482092e+00 1.223348121521321242e-04 2.322150440777647429e+00 8.146369193904924588e-02
2.347552925101981547e+00 1.228086057154954955e-04 2.347035039460428685e+00 8.177923736633921359e-02
2.372534677345594645e+00 1.232831900620305046e-04 2.372015946886410820e+00 8.209530738110298875e-02
2.397612861156662500e+00 1.237585342678942653e-04 2.397093318667759210e+00 8.241188152094511277e-02
2.422787627803061561e+00 1.242346089868456285e-04 2.422267304414187361e+00 8.272894036371468418e-02
2.448059122746076621e+00 1.247113863492528075e-04 2.447538048033927716e+00 8.304646546122518291e-02
2.473427485930653980e+00 1.251888398689820136e-04 2.472905688015861081e+00 8.336443927811187926e-02
2.498892852057413183e+00 1.256669443574220946e-04 2.498370357694172927e+00 8.368284513535019509e-02
2.524455350837926826e+00 1.261456758440059284e-04 2.523932185496937652e+00 8.400166715801855866e-02
